01763728213
01956221756
01706741531
01853800900
01881793568
01337744875
01793708594
01322990698
01605369349
01616947126
01762471842
01879690552
01646000860
01320725315
01405011146
01759751470
01855041186
01747168385
01972913955
01894334244
01973871903
01533198825
01888521794
01634931488
01856350355
01998490651
01866174654
01821998033
01852642078
01805217581
01518469729
01308795588
01835882390
01882363111
01891528724
01643831608
01814868688
01852346515
01866164103
01816303437
01813419551
01836207610
01317133495
01837134224
01343018677
01871106267
01601157893
01886494168
01833650328
01839687065
01972459548
01842247224
01316753049
01571525234
01977085997
